NOAA 15                 
1 25338U 98030A   21206.67597241  .00000091  00000-0  56613-4 0  9998
2 25338  98.6798 234.8544 0010739 163.4924 196.6607 14.26047715206694
DMSP 5D-3 F15 (USA 147) 
1 25991U 99067A   21206.73372802 -.00000094  00000-0 -24057-4 0  9997
2 25991  99.0187 188.3203 0010664  40.0025 132.7862 14.16447961117534
METEOSAT-8 (MSG-1)      
1 27509U 02040B   21206.25012123  .00000118  00000-0  00000-0 0  9996
2 27509   7.4383  52.3058 0000619  28.0605 354.2236  1.00269300 69337
DMSP 5D-3 F16 (USA 172) 
1 28054U 03048A   21206.75939255 -.00000086  00000-0 -21794-4 0  9993
2 28054  98.9561 191.4551 0007728 153.5704 356.0081 14.13638391916877
NOAA 18                 
1 28654U 05018A   21206.69411424  .00000110  00000-0  83673-4 0  9994
2 28654  98.9920 271.7069 0014563 170.2500 189.8957 14.12624806833937
METEOSAT-9 (MSG-2)      
1 28912U 05049B   21206.32287123 -.00000002  00000-0  00000-0 0  9992
2 28912   5.2915  68.2503 0001172  39.5755 314.9144  1.00272315 57105
FORMOSAT-3 FM6          
1 29047U 06011A   21206.19319231  .00000074  00000-0  45236-4 0  9995
2 29047  71.9791   7.9183 0048993  86.9731 273.7010 14.28831689798827
FORMOSAT-3 FM1          
1 29048U 06011B   21206.50172041  .00000064  00000-0  41326-4 0  9992
2 29048  71.9664 277.7293 0042615  43.6325 316.8167 14.28788553801334
FORMOSAT-3 FM5          
1 29049U 06011C   21206.41089557  .00000113  00000-0  60451-4 0  9997
2 29049  72.0206  91.8593 0033560  67.7096 292.7593 14.28871124797110
FORMOSAT-3 FM3          
1 29050U 06011D   21206.43402383  .00000273  00000-0  67360-4 0  9990
2 29050  72.0146 196.6659 0051457 310.8427  48.8269 14.59092276815081
FORMOSAT-3 FM4          
1 29051U 06011E   21206.40107330  .00000065  00000-0  41233-4 0  9992
2 29051  72.0062 353.1504 0069534 307.4067  52.0753 14.28902263799690
FORMOSAT-3 FM2          
1 29052U 06011F   21206.37121765  .00000074  00000-0  45020-4 0  9995
2 29052  72.0343  68.6224 0039632  25.1877 335.1181 14.29013255797210
EWS-G1 (GOES 13)        
1 29155U 06018A   21206.48660653  .00000022  00000-0  00000-0 0  9990
2 29155   0.0547 221.8959 0005307 324.3225 353.5874  1.00273252 25455
METOP-A                 
1 29499U 06044A   21206.70318802  .00000010  00000-0  23628-4 0  9993
2 29499  98.4693 244.4406 0001460 116.0635   8.2818 14.21505191766174
DMSP 5D-3 F17 (USA 191) 
1 29522U 06050A   21206.74325347 -.00000067  00000-0 -12541-4 0  9999
2 29522  98.7831 222.6572 0010882 108.8869 251.3485 14.14039858759724
FENGYUN 3A              
1 32958U 08026A   21206.36012030  .00000003  00000-0  21405-4 0  9998
2 32958  98.4525 178.2729 0007598 247.3786 112.6587 14.18662282681841
FENGYUN 2E              
1 33463U 08066A   21206.54637155 -.00000221  00000-0  00000-0 0  9992
2 33463   5.1915  67.0363 0002913 348.5300 171.2813  1.00267097 46167
NOAA 19                 
1 33591U 09005A   21206.66095189  .00000067  00000-0  61569-4 0  9994
2 33591  99.1818 228.3099 0014386  29.3289 330.8686 14.12484988642316
GOES 14                 
1 35491U 09033A   21206.50824944 -.00000110  00000-0  00000-0 0  9997
2 35491   0.3962 105.4943 0011485 101.9397 174.7080  1.00271137 44196
METEOR-M 1              
1 35865U 09049A   21206.55682148 -.00000010  00000-0  14477-4 0  9998
2 35865  98.4814 183.4380 0003548  94.2535 265.9049 14.22278871615210
DMSP 5D-3 F18 (USA 210) 
1 35951U 09057A   21206.71212989  .00000113  00000-0  83112-4 0  9998
2 35951  98.6818 189.9031 0010027 302.2568  57.7633 14.13380337606963
GOES 15                 
1 36411U 10008A   21206.50353870  .00000037  00000-0  00000-0 0  9996
2 36411   0.2087 118.0989 0004957 301.8482 297.0571  1.00262015 41756
COMS 1                  
1 36744U 10032A   21206.56577035 -.00000361  00000-0  00000-0 0  9990
2 36744   0.3066  95.3584 0001136  31.1024 148.8319  1.00272932 33160
FENGYUN 3B              
1 37214U 10059A   21206.40512419  .00000002  00000-0  24595-4 0  9990
2 37214  99.0796 201.2299 0016468 203.0763 156.9676 14.15992519554707
SUOMI NPP               
1 37849U 11061A   21206.77990947 -.00000008  00000-0  17022-4 0  9998
2 37849  98.7379 144.9442 0001107 106.0112 283.8897 14.19537720504849
FENGYUN 2F              
1 38049U 12002A   21206.55134400 -.00000375  00000-0  00000-0 0  9998
2 38049   3.0029  81.9652 0002610  63.1950 108.7829  1.00264834 34969
METEOSAT-10 (MSG-3)     
1 38552U 12035B   21206.31552418  .00000044  00000-0  00000-0 0  9992
2 38552   1.2150  14.6653 0001781 112.5490 298.7959  1.00273430 32934
METOP-B                 
1 38771U 12049A   21206.62139531  .00000014  00000-0  26316-4 0  9990
2 38771  98.7127 266.2113 0000277 162.3865 354.2086 14.21488091459295
FENGYUN 3C              
1 39260U 13052A   21206.43709663 -.00000013  00000-0  14141-4 0  9990
2 39260  98.4952 245.4045 0011946 132.2415 227.9786 14.15872930405642
METEOR-M 2              
1 40069U 14037A   21205.90323790 -.00000041  00000-0  38125-6 0  9998
2 40069  98.4579 233.2036 0005313 181.0175 179.0994 14.20685640365354
HIMAWARI-8              
1 40267U 14060A   21206.48530639 -.00000293  00000-0  00000-0 0  9994
2 40267   0.0142  94.5635 0001085  46.9286 117.2515  1.00269539 24833
FENGYUN 2G              
1 40367U 14090A   21206.58243862 -.00000320  00000-0  00000-0 0  9999
2 40367   1.1224  92.3144 0001527 281.9592 238.3835  1.00280032 24112
METEOSAT-11 (MSG-4)     
1 40732U 15034A   21206.31360499 -.00000023  00000-0  00000-0 0  9991
2 40732   0.1855 134.2015 0000416 342.0672 299.4747  1.00272835 22091
ELEKTRO-L 2             
1 41105U 15074A   21206.38259780 -.00000134  00000-0  00000-0 0  9990
2 41105   2.1733  92.0711 0002497  54.5466 279.8940  1.00270417 20587
HIMAWARI-9              
1 41836U 16064A   21206.48530639 -.00000292  00000-0  00000-0 0  9992
2 41836   0.0168  21.2203 0000719  77.7197 159.9132  1.00272527 17266
GOES 16                 
1 41866U 16071A   21206.19910566 -.00000264  00000-0  00000-0 0  9991
2 41866   0.1072 102.4005 0001582  48.5300 148.6370  1.00269828 17187
FENGYUN 4A              
1 41882U 16077A   21206.58243862 -.00000346  00000-0  00000-0 0  9997
2 41882   0.0640  74.5509 0002141  54.3018 129.0063  1.00268066 17057
CYGFM05                 
1 41884U 16078A   21206.03801154  .00000756  00000-0  41163-4 0  9997
2 41884  34.9571  78.4396 0014951  39.5809 320.5992 15.15070239255080
CYGFM04                 
1 41885U 16078B   21206.33304848  .00000755  00000-0  40563-4 0  9991
2 41885  34.9505  67.6173 0013185  56.3720 303.8248 15.15578642255188
CYGFM02                 
1 41886U 16078C   21206.32647834  .00000755  00000-0  40562-4 0  9995
2 41886  34.9595  69.6774 0013976  51.2464 308.9494 15.15577632255259
CYGFM01                 
1 41887U 16078D   21206.32274015  .00000697  00000-0  38310-4 0  9996
2 41887  34.9540  78.4661 0015381  42.2597 317.9297 15.14860279255085
CYGFM08                 
1 41888U 16078E   21206.33518885  .00000743  00000-0  40237-4 0  9997
2 41888  34.9510  72.4726 0014469  52.1127 308.0891 15.15279497255228
CYGFM06                 
1 41889U 16078F   21206.30710896  .00000717  00000-0  38593-4 0  9994
2 41889  34.9591  68.4965 0012937  50.7452 309.4406 15.15571282255203
CYGFM07                 
1 41890U 16078G   21205.95646727  .00000752  00000-0  40391-4 0  9995
2 41890  34.9529  69.5870 0012691  51.4534 308.7313 15.15567072255132
CYGFM03                 
1 41891U 16078H   21205.95398317  .00000762  00000-0  40954-4 0  9991
2 41891  34.9561  69.9777 0012214  49.4818 310.6956 15.15563439255129
FENGYUN 3D              
1 43010U 17072A   21206.62098308 -.00000033  00000-0  51595-5 0  9999
2 43010  98.7899 148.2769 0001970  38.3887 321.7421 14.19772853191403
NOAA 20                 
1 43013U 17073A   21206.73892105 -.00000003  00000-0  19390-4 0  9995
2 43013  98.7211 144.8012 0000865  86.7249 273.4026 14.19549626190872
GOES 17                 
1 43226U 18022A   21206.50153228  .00000081  00000-0  00000-0 0  9996
2 43226   0.0626 252.7761 0000723 263.8137 190.1912  1.00274321 12483
FENGYUN 2H              
1 43491U 18050A   21206.47310174 -.00000146  00000-0  00000-0 0  9995
2 43491   0.3362 110.6178 0004603  27.2716  55.0839  1.00272516 11511
METOP-C                 
1 43689U 18087A   21206.69812189  .00000013  00000-0  25944-4 0  9991
2 43689  98.6835 266.4522 0001261 258.3314 101.7722 14.21501501140885
GEO-KOMPSAT-2A          
1 43823U 18100A   21206.48277656 -.00000361  00000-0  00000-0 0  9997
2 43823   0.0121 196.7242 0000719 354.6218  54.1217  1.00268398  9694
METEOR-M2 2             
1 44387U 19038A   21206.63401825 -.00000039  00000-0  20404-5 0  9995
2 44387  98.6723 165.9378 0002211 114.0110 246.1292 14.23689521106909
